/batch
/config,noeldb,1     ! force off writing results to database
*get,_wallstrt,active,,time,wall
! ANSYS input file written by Workbench version 2024 R1
! File used for geometry attach: C:\Medical_Device_Portifolio\CFD Analysis\Brake disc\Brake_disc_thermal_files\dp0\SYS\DM\SYS.scdoc
/title,Brake_disc_thermal--Modal (A5)
! ****** Begin Custom Load Command Snippet ******
/COM, ACT Extensions:
/COM,     LSDYNA, 2024.1
/COM,     5f463412-bd3e-484b-87e7-cbc0a665e474, wbex
/COM,/COM,     ANSYSMotion, 2024.1
/COM,     20180725-3f81-49eb-9f31-41364844c769, wbex
/COM,
! ****** End   Custom Load Command Snippet ******
*DIM,_wb_ProjectScratch_dir,string,248
_wb_ProjectScratch_dir(1) = 'C:\Medical_Device_Portifolio\CFD Analysis\Brake disc\_ProjectScratch\ScrCDE1\'
*DIM,_wb_SolverFiles_dir,string,248
_wb_SolverFiles_dir(1) = 'C:\Medical_Device_Portifolio\CFD Analysis\Brake disc\Brake_disc_thermal_files\dp0\SYS\MECH\'
*DIM,_wb_userfiles_dir,string,248
_wb_userfiles_dir(1) = 'C:\Medical_Device_Portifolio\CFD Analysis\Brake disc\Brake_disc_thermal_files\user_files\'
/com,--- Data in consistent MKS units. See Solving Units in the help system for more information.
/units,MKS
/nopr
/wb,file,start              !  signify a WB generated input file
/prep7
! Turn off shape checking because checks already performed inside WB mesher.
! See help system for more information.
SHPP,OFF,,NOWARN
/nolist
etcon,set             ! allow ANSYS to choose best KEYOP's for 180x elements, resets any applicable keyopt to MAPDL defaults
/com,*********** Nodes for the whole assembly ***********
nblock,3,,432
(1i9,3e20.9e3)
        1    -2.250000000E-01     0.000000000E+00     0.000000000E+00
        2    -2.000000000E-01     0.000000000E+00     0.000000000E+00
        3    -1.750000000E-01     0.000000000E+00     0.000000000E+00
        4    -1.500000000E-01     0.000000000E+00     3.469446952E-18
        5    -1.250000000E-01     0.000000000E+00    -2.465190329E-32
        6    -1.000000000E-01     0.000000000E+00     1.734723476E-18
        7    -7.500000000E-02     0.000000000E+00     0.000000000E+00
        8    -5.000000000E-02     0.000000000E+00     0.000000000E+00
        9    -2.500000000E-02     0.000000000E+00     0.000000000E+00
       10     0.000000000E+00     0.000000000E+00     0.000000000E+00
       11     2.500000000E-02     0.000000000E+00     0.000000000E+00
       12     5.000000000E-02     0.000000000E+00     0.000000000E+00
       13     7.500000000E-02     0.000000000E+00     0.000000000E+00
       14     1.000000000E-01     0.000000000E+00    -3.081487911E-33
       15     1.250000000E-01     0.000000000E+00     6.162975822E-33
       16     1.500000000E-01     0.000000000E+00    -1.734723476E-18
       17     1.750000000E-01     0.000000000E+00     0.000000000E+00
       18     2.000000000E-01     0.000000000E+00     0.000000000E+00
       19     2.250000000E-01     0.000000000E+00    -9.244463733E-33
       20     2.250000000E-01     1.000000000E-02     0.000000000E+00
       21     2.000000000E-01     1.000000000E-02     0.000000000E+00
       22     1.750000000E-01     1.000000000E-02     0.000000000E+00
       23     1.500000000E-01     1.000000000E-02     0.000000000E+00
       24     1.250000000E-01     1.000000000E-02     0.000000000E+00
       25     1.000000000E-01     1.000000000E-02     0.000000000E+00
       26     7.500000000E-02     1.000000000E-02     0.000000000E+00
       27     5.000000000E-02     1.000000000E-02     0.000000000E+00
       28     2.500000000E-02     1.000000000E-02     0.000000000E+00
       29     0.000000000E+00     1.000000000E-02     0.000000000E+00
       30    -2.500000000E-02     1.000000000E-02     0.000000000E+00
       31    -5.000000000E-02     1.000000000E-02     0.000000000E+00
       32    -7.500000000E-02     1.000000000E-02     0.000000000E+00
       33    -1.000000000E-01     1.000000000E-02     0.000000000E+00
       34    -1.250000000E-01     1.000000000E-02     0.000000000E+00
       35    -1.500000000E-01     1.000000000E-02     0.000000000E+00
       36    -1.750000000E-01     1.000000000E-02     0.000000000E+00
       37    -2.000000000E-01     1.000000000E-02     0.000000000E+00
       38    -2.250000000E-01     1.000000000E-02     0.000000000E+00
       39     2.250000000E-01     1.000000000E-02    -2.500000000E-02
       40     2.000000000E-01     1.000000000E-02    -2.500000000E-02
       41     1.750000000E-01     1.000000000E-02    -2.500000000E-02
       42     1.500000000E-01     1.000000000E-02    -2.500000000E-02
       43     1.250000000E-01     1.000000000E-02    -2.500000000E-02
       44     1.000000000E-01     1.000000000E-02    -2.500000000E-02
       45     7.500000000E-02     1.000000000E-02    -2.500000000E-02
       46     5.000000000E-02     1.000000000E-02    -2.500000000E-02
       47     2.500000000E-02     1.000000000E-02    -2.500000000E-02
       48    -2.775557562E-17     1.000000000E-02    -2.500000000E-02
       49    -2.500000000E-02     1.000000000E-02    -2.500000000E-02
       50    -5.000000000E-02     1.000000000E-02    -2.500000000E-02
       51    -7.500000000E-02     1.000000000E-02    -2.500000000E-02
       52    -1.000000000E-01     1.000000000E-02    -2.500000000E-02
       53    -1.250000000E-01     1.000000000E-02    -2.500000000E-02
       54    -1.500000000E-01     1.000000000E-02    -2.500000000E-02
       55    -1.750000000E-01     1.000000000E-02    -2.500000000E-02
       56    -2.000000000E-01     1.000000000E-02    -2.500000000E-02
       57    -2.250000000E-01     1.000000000E-02    -2.500000000E-02
       58    -2.500000000E-01     1.000000000E-02    -2.500000000E-02
       59    -2.500000000E-01     1.000000000E-02     0.000000000E+00
       60    -2.500000000E-01     1.000000000E-02     2.500000000E-02
       61    -2.250000000E-01     1.000000000E-02     2.500000000E-02
       62    -2.000000000E-01     1.000000000E-02     2.500000000E-02
       63    -1.750000000E-01     1.000000000E-02     2.500000000E-02
       64    -1.500000000E-01     1.000000000E-02     2.500000000E-02
       65    -1.250000000E-01     1.000000000E-02     2.500000000E-02
       66    -1.000000000E-01     1.000000000E-02     2.500000000E-02
       67    -7.500000000E-02     1.000000000E-02     2.500000000E-02
       68    -5.000000000E-02     1.000000000E-02     2.500000000E-02
       69    -2.500000000E-02     1.000000000E-02     2.500000000E-02
       70     2.775557562E-17     1.000000000E-02     2.500000000E-02
       71     2.500000000E-02     1.000000000E-02     2.500000000E-02
       72     5.000000000E-02     1.000000000E-02     2.500000000E-02
       73     7.500000000E-02     1.000000000E-02     2.500000000E-02
       74     1.000000000E-01     1.000000000E-02     2.500000000E-02
       75     1.250000000E-01     1.000000000E-02     2.500000000E-02
       76     1.500000000E-01     1.000000000E-02     2.500000000E-02
       77     1.750000000E-01     1.000000000E-02     2.500000000E-02
       78     2.000000000E-01     1.000000000E-02     2.500000000E-02
       79     2.250000000E-01     1.000000000E-02     2.500000000E-02
       80     2.500000000E-01     1.000000000E-02     2.500000000E-02
       81     2.500000000E-01     1.000000000E-02     0.000000000E+00
       82     2.500000000E-01     1.000000000E-02    -2.500000000E-02
       83     2.500000000E-01     0.000000000E+00     0.000000000E+00
       84     2.500000000E-01     0.000000000E+00    -2.500000000E-02
       85     2.500000000E-01     0.000000000E+00     2.500000000E-02
       86    -2.250000000E-01     0.000000000E+00     2.500000000E-02
       87    -2.000000000E-01     0.000000000E+00     2.500000000E-02
       88    -1.750000000E-01     0.000000000E+00     2.500000000E-02
       89    -1.500000000E-01     0.000000000E+00     2.500000000E-02
       90    -1.250000000E-01     0.000000000E+00     2.500000000E-02
       91    -1.000000000E-01     0.000000000E+00     2.500000000E-02
       92    -7.500000000E-02     0.000000000E+00     2.500000000E-02
       93    -5.000000000E-02     0.000000000E+00     2.500000000E-02
       94    -2.500000000E-02     0.000000000E+00     2.500000000E-02
       95     0.000000000E+00     0.000000000E+00     2.500000000E-02
       96     2.500000000E-02     0.000000000E+00     2.500000000E-02
       97     5.000000000E-02     0.000000000E+00     2.500000000E-02
       98     7.500000000E-02     0.000000000E+00     2.500000000E-02
       99     1.000000000E-01     0.000000000E+00     2.500000000E-02
      100     1.250000000E-01     0.000000000E+00     2.500000000E-02
      101     1.500000000E-01     0.000000000E+00     2.500000000E-02
      102     1.750000000E-01     0.000000000E+00     2.500000000E-02
      103     2.000000000E-01     0.000000000E+00     2.500000000E-02
      104     2.250000000E-01     0.000000000E+00     2.500000000E-02
      105    -2.500000000E-01     0.000000000E+00     2.500000000E-02
      106    -2.500000000E-01     0.000000000E+00     0.000000000E+00
      107    -2.500000000E-01     0.000000000E+00    -2.500000000E-02
      108     2.250000000E-01     0.000000000E+00    -2.500000000E-02
      109     2.000000000E-01     0.000000000E+00    -2.500000000E-02
      110     1.750000000E-01     0.000000000E+00    -2.500000000E-02
      111     1.500000000E-01     0.000000000E+00    -2.500000000E-02
      112     1.250000000E-01     0.000000000E+00    -2.500000000E-02
      113     1.000000000E-01     0.000000000E+00    -2.500000000E-02
      114     7.500000000E-02     0.000000000E+00    -2.500000000E-02
      115     5.000000000E-02     0.000000000E+00    -2.500000000E-02
      116     2.500000000E-02     0.000000000E+00    -2.500000000E-02
      117     0.000000000E+00     0.000000000E+00    -2.500000000E-02
      118    -2.500000000E-02     0.000000000E+00    -2.500000000E-02
      119    -5.000000000E-02     0.000000000E+00    -2.500000000E-02
      120    -7.500000000E-02     0.000000000E+00    -2.500000000E-02
      121    -1.000000000E-01     0.000000000E+00    -2.500000000E-02
      122    -1.250000000E-01     0.000000000E+00    -2.500000000E-02
      123    -1.500000000E-01     0.000000000E+00    -2.500000000E-02
      124    -1.750000000E-01     0.000000000E+00    -2.500000000E-02
      125    -2.000000000E-01     0.000000000E+00    -2.500000000E-02
      126    -2.250000000E-01     0.000000000E+00    -2.500000000E-02
      127    -2.125000000E-01     0.000000000E+00     0.000000000E+00
      128    -2.250000000E-01     5.000000000E-03     0.000000000E+00
      129    -2.250000000E-01     0.000000000E+00     1.250000000E-02
      130    -2.375000000E-01     0.000000000E+00     0.000000000E+00
      131    -2.250000000E-01     0.000000000E+00    -1.250000000E-02
      132    -1.875000000E-01     0.000000000E+00     0.000000000E+00
      133    -2.000000000E-01     5.000000000E-03     0.000000000E+00
      134    -2.000000000E-01     0.000000000E+00     1.250000000E-02
      135    -2.000000000E-01     0.000000000E+00    -1.250000000E-02
      136    -1.625000000E-01     0.000000000E+00     1.734723476E-18
      137    -1.750000000E-01     5.000000000E-03     0.000000000E+00
      138    -1.750000000E-01     0.000000000E+00     1.250000000E-02
      139    -1.750000000E-01     0.000000000E+00    -1.250000000E-02
      140    -1.375000000E-01     0.000000000E+00     1.734723476E-18
      141    -1.500000000E-01     5.000000000E-03     1.734723476E-18
      142    -1.500000000E-01     0.000000000E+00     1.250000000E-02
      143    -1.500000000E-01     0.000000000E+00    -1.250000000E-02
      144    -1.125000000E-01     0.000000000E+00     8.673617380E-19
      145    -1.250000000E-01     5.000000000E-03    -1.232595164E-32
      146    -1.250000000E-01     0.000000000E+00     1.250000000E-02
      147    -1.250000000E-01     0.000000000E+00    -1.250000000E-02
      148    -8.750000000E-02     0.000000000E+00     8.673617380E-19
      149    -1.000000000E-01     5.000000000E-03     8.673617380E-19
      150    -1.000000000E-01     0.000000000E+00     1.250000000E-02
      151    -1.000000000E-01     0.000000000E+00    -1.250000000E-02
      152    -6.250000000E-02     0.000000000E+00     0.000000000E+00
      153    -7.500000000E-02     5.000000000E-03     0.000000000E+00
      154    -7.500000000E-02     0.000000000E+00     1.250000000E-02
      155    -7.500000000E-02     0.000000000E+00    -1.250000000E-02
      156    -3.750000000E-02     0.000000000E+00     0.000000000E+00
      157    -5.000000000E-02     5.000000000E-03     0.000000000E+00
      158    -5.000000000E-02     0.000000000E+00     1.250000000E-02
      159    -5.000000000E-02     0.000000000E+00    -1.250000000E-02
      160    -1.250000000E-02     0.000000000E+00     0.000000000E+00
      161    -2.500000000E-02     5.000000000E-03     0.000000000E+00
      162    -2.500000000E-02     0.000000000E+00     1.250000000E-02
      163    -2.500000000E-02     0.000000000E+00    -1.250000000E-02
      164     1.250000000E-02     0.000000000E+00     0.000000000E+00
      165     0.000000000E+00     5.000000000E-03     0.000000000E+00
      166     0.000000000E+00     0.000000000E+00     1.250000000E-02
      167     0.000000000E+00     0.000000000E+00    -1.250000000E-02
      168     3.750000000E-02     0.000000000E+00     0.000000000E+00
      169     2.500000000E-02     5.000000000E-03     0.000000000E+00
      170     2.500000000E-02     0.000000000E+00     1.250000000E-02
      171     2.500000000E-02     0.000000000E+00    -1.250000000E-02
      172     6.250000000E-02     0.000000000E+00     0.000000000E+00
      173     5.000000000E-02     5.000000000E-03     0.000000000E+00
      174     5.000000000E-02     0.000000000E+00     1.250000000E-02
      175     5.000000000E-02     0.000000000E+00    -1.250000000E-02
      176     8.750000000E-02     0.000000000E+00    -1.540743956E-33
      177     7.500000000E-02     5.000000000E-03     0.000000000E+00
      178     7.500000000E-02     0.000000000E+00     1.250000000E-02
      179     7.500000000E-02     0.000000000E+00    -1.250000000E-02
      180     1.125000000E-01     0.000000000E+00     1.540743956E-33
      181     1.000000000E-01     5.000000000E-03    -1.540743956E-33
      182     1.000000000E-01     0.000000000E+00     1.250000000E-02
      183     1.000000000E-01     0.000000000E+00    -1.250000000E-02
      184     1.375000000E-01     0.000000000E+00    -8.673617380E-19
      185     1.250000000E-01     5.000000000E-03     3.081487911E-33
      186     1.250000000E-01     0.000000000E+00     1.250000000E-02
      187     1.250000000E-01     0.000000000E+00    -1.250000000E-02
      188     1.625000000E-01     0.000000000E+00    -8.673617380E-19
      189     1.500000000E-01     5.000000000E-03    -8.673617380E-19
      190     1.500000000E-01     0.000000000E+00     1.250000000E-02
      191     1.500000000E-01     0.000000000E+00    -1.250000000E-02
      192     1.875000000E-01     0.000000000E+00     0.000000000E+00
      193     1.750000000E-01     5.000000000E-03     0.000000000E+00
      194     1.750000000E-01     0.000000000E+00     1.250000000E-02
      195     1.750000000E-01     0.000000000E+00    -1.250000000E-02
      196     2.125000000E-01     0.000000000E+00    -4.622231867E-33
      197     2.000000000E-01     5.000000000E-03     0.000000000E+00
      198     2.000000000E-01     0.000000000E+00     1.250000000E-02
      199     2.000000000E-01     0.000000000E+00    -1.250000000E-02
      200     2.250000000E-01     5.000000000E-03    -4.622231867E-33
      201     2.375000000E-01     0.000000000E+00    -4.622231867E-33
      202     2.250000000E-01     0.000000000E+00     1.250000000E-02
      203     2.250000000E-01     0.000000000E+00    -1.250000000E-02
      204     2.125000000E-01     1.000000000E-02     0.000000000E+00
      205     2.250000000E-01     1.000000000E-02    -1.250000000E-02
      206     2.250000000E-01     1.000000000E-02     1.250000000E-02
      207     2.375000000E-01     1.000000000E-02     0.000000000E+00
      208     1.875000000E-01     1.000000000E-02     0.000000000E+00
      209     2.000000000E-01     1.000000000E-02    -1.250000000E-02
      210     2.000000000E-01     1.000000000E-02     1.250000000E-02
      211     1.625000000E-01     1.000000000E-02     0.000000000E+00
      212     1.750000000E-01     1.000000000E-02    -1.250000000E-02
      213     1.750000000E-01     1.000000000E-02     1.250000000E-02
      214     1.375000000E-01     1.000000000E-02     0.000000000E+00
      215     1.500000000E-01     1.000000000E-02    -1.250000000E-02
      216     1.500000000E-01     1.000000000E-02     1.250000000E-02
      217     1.125000000E-01     1.000000000E-02     0.000000000E+00
      218     1.250000000E-01     1.000000000E-02    -1.250000000E-02
      219     1.250000000E-01     1.000000000E-02     1.250000000E-02
      220     8.750000000E-02     1.000000000E-02     0.000000000E+00
      221     1.000000000E-01     1.000000000E-02    -1.250000000E-02
      222     1.000000000E-01     1.000000000E-02     1.250000000E-02
      223     6.250000000E-02     1.000000000E-02     0.000000000E+00
      224     7.500000000E-02     1.000000000E-02    -1.250000000E-02
      225     7.500000000E-02     1.000000000E-02     1.250000000E-02
      226     3.750000000E-02     1.000000000E-02     0.000000000E+00
      227     5.000000000E-02     1.000000000E-02    -1.250000000E-02
      228     5.000000000E-02     1.000000000E-02     1.250000000E-02
      229     1.250000000E-02     1.000000000E-02     0.000000000E+00
      230     2.500000000E-02     1.000000000E-02    -1.250000000E-02
      231     2.500000000E-02     1.000000000E-02     1.250000000E-02
      232    -1.250000000E-02     1.000000000E-02     0.000000000E+00
      233    -1.387778781E-17     1.000000000E-02    -1.250000000E-02
      234     1.387778781E-17     1.000000000E-02     1.250000000E-02
      235    -3.750000000E-02     1.000000000E-02     0.000000000E+00
      236    -2.500000000E-02     1.000000000E-02    -1.250000000E-02
      237    -2.500000000E-02     1.000000000E-02     1.250000000E-02
      238    -6.250000000E-02     1.000000000E-02     0.000000000E+00
      239    -5.000000000E-02     1.000000000E-02    -1.250000000E-02
      240    -5.000000000E-02     1.000000000E-02     1.250000000E-02
      241    -8.750000000E-02     1.000000000E-02     0.000000000E+00
      242    -7.500000000E-02     1.000000000E-02    -1.250000000E-02
      243    -7.500000000E-02     1.000000000E-02     1.250000000E-02
      244    -1.125000000E-01     1.000000000E-02     0.000000000E+00
      245    -1.000000000E-01     1.000000000E-02    -1.250000000E-02
      246    -1.000000000E-01     1.000000000E-02     1.250000000E-02
      247    -1.375000000E-01     1.000000000E-02     0.000000000E+00
      248    -1.250000000E-01     1.000000000E-02    -1.250000000E-02
      249    -1.250000000E-01     1.000000000E-02     1.250000000E-02
      250    -1.625000000E-01     1.000000000E-02     0.000000000E+00
      251    -1.500000000E-01     1.000000000E-02    -1.250000000E-02
      252    -1.500000000E-01     1.000000000E-02     1.250000000E-02
      253    -1.875000000E-01     1.000000000E-02     0.000000000E+00
      254    -1.750000000E-01     1.000000000E-02    -1.250000000E-02
      255    -1.750000000E-01     1.000000000E-02     1.250000000E-02
      256    -2.125000000E-01     1.000000000E-02     0.000000000E+00
      257    -2.000000000E-01     1.000000000E-02    -1.250000000E-02
      258    -2.000000000E-01     1.000000000E-02     1.250000000E-02
      259    -2.250000000E-01     1.000000000E-02    -1.250000000E-02
      260    -2.375000000E-01     1.000000000E-02     0.000000000E+00
      261    -2.250000000E-01     1.000000000E-02     1.250000000E-02
      262     2.125000000E-01     1.000000000E-02    -2.500000000E-02
      263     2.375000000E-01     1.000000000E-02    -2.500000000E-02
      264     2.250000000E-01     5.000000000E-03    -2.500000000E-02
      265     1.875000000E-01     1.000000000E-02    -2.500000000E-02
      266     2.000000000E-01     5.000000000E-03    -2.500000000E-02
      267     1.625000000E-01     1.000000000E-02    -2.500000000E-02
      268     1.750000000E-01     5.000000000E-03    -2.500000000E-02
      269     1.375000000E-01     1.000000000E-02    -2.500000000E-02
      270     1.500000000E-01     5.000000000E-03    -2.500000000E-02
      271     1.125000000E-01     1.000000000E-02    -2.500000000E-02
      272     1.250000000E-01     5.000000000E-03    -2.500000000E-02
      273     8.750000000E-02     1.000000000E-02    -2.500000000E-02
      274     1.000000000E-01     5.000000000E-03    -2.500000000E-02
      275     6.250000000E-02     1.000000000E-02    -2.500000000E-02
      276     7.500000000E-02     5.000000000E-03    -2.500000000E-02
      277     3.750000000E-02     1.000000000E-02    -2.500000000E-02
      278     5.000000000E-02     5.000000000E-03    -2.500000000E-02
      279     1.250000000E-02     1.000000000E-02    -2.500000000E-02
      280     2.500000000E-02     5.000000000E-03    -2.500000000E-02
      281    -1.250000000E-02     1.000000000E-02    -2.500000000E-02
      282    -1.387778781E-17     5.000000000E-03    -2.500000000E-02
      283    -3.750000000E-02     1.000000000E-02    -2.500000000E-02
      284    -2.500000000E-02     5.000000000E-03    -2.500000000E-02
      285    -6.250000000E-02     1.000000000E-02    -2.500000000E-02
      286    -5.000000000E-02     5.000000000E-03    -2.500000000E-02
      287    -8.750000000E-02     1.000000000E-02    -2.500000000E-02
      288    -7.500000000E-02     5.000000000E-03    -2.500000000E-02
      289    -1.125000000E-01     1.000000000E-02    -2.500000000E-02
      290    -1.000000000E-01     5.000000000E-03    -2.500000000E-02
      291    -1.375000000E-01     1.000000000E-02    -2.500000000E-02
      292    -1.250000000E-01     5.000000000E-03    -2.500000000E-02
      293    -1.625000000E-01     1.000000000E-02    -2.500000000E-02
      294    -1.500000000E-01     5.000000000E-03    -2.500000000E-02
      295    -1.875000000E-01     1.000000000E-02    -2.500000000E-02
      296    -1.750000000E-01     5.000000000E-03    -2.500000000E-02
      297    -2.125000000E-01     1.000000000E-02    -2.500000000E-02
      298    -2.000000000E-01     5.000000000E-03    -2.500000000E-02
      299    -2.375000000E-01     1.000000000E-02    -2.500000000E-02
      300    -2.250000000E-01     5.000000000E-03    -2.500000000E-02
      301    -2.500000000E-01     1.000000000E-02    -1.250000000E-02
      302    -2.500000000E-01     5.000000000E-03    -2.500000000E-02
      303    -2.500000000E-01     1.000000000E-02     1.250000000E-02
      304    -2.500000000E-01     5.000000000E-03     0.000000000E+00
      305    -2.375000000E-01     1.000000000E-02     2.500000000E-02
      306    -2.500000000E-01     5.000000000E-03     2.500000000E-02
      307    -2.125000000E-01     1.000000000E-02     2.500000000E-02
      308    -2.250000000E-01     5.000000000E-03     2.500000000E-02
      309    -1.875000000E-01     1.000000000E-02     2.500000000E-02
      310    -2.000000000E-01     5.000000000E-03     2.500000000E-02
      311    -1.625000000E-01     1.000000000E-02     2.500000000E-02
      312    -1.750000000E-01     5.000000000E-03     2.500000000E-02
      313    -1.375000000E-01     1.000000000E-02     2.500000000E-02
      314    -1.500000000E-01     5.000000000E-03     2.500000000E-02
      315    -1.125000000E-01     1.000000000E-02     2.500000000E-02
      316    -1.250000000E-01     5.000000000E-03     2.500000000E-02
      317    -8.750000000E-02     1.000000000E-02     2.500000000E-02
      318    -1.000000000E-01     5.000000000E-03     2.500000000E-02
      319    -6.250000000E-02     1.000000000E-02     2.500000000E-02
      320    -7.500000000E-02     5.000000000E-03     2.500000000E-02
      321    -3.750000000E-02     1.000000000E-02     2.500000000E-02
      322    -5.000000000E-02     5.000000000E-03     2.500000000E-02
      323    -1.250000000E-02     1.000000000E-02     2.500000000E-02
      324    -2.500000000E-02     5.000000000E-03     2.500000000E-02
      325     1.250000000E-02     1.000000000E-02     2.500000000E-02
      326     1.387778781E-17     5.000000000E-03     2.500000000E-02
      327     3.750000000E-02     1.000000000E-02     2.500000000E-02
      328     2.500000000E-02     5.000000000E-03     2.500000000E-02
      329     6.250000000E-02     1.000000000E-02     2.500000000E-02
      330     5.000000000E-02     5.000000000E-03     2.500000000E-02
      331     8.750000000E-02     1.000000000E-02     2.500000000E-02
      332     7.500000000E-02     5.000000000E-03     2.500000000E-02
      333     1.125000000E-01     1.000000000E-02     2.500000000E-02
      334     1.000000000E-01     5.000000000E-03     2.500000000E-02
      335     1.375000000E-01     1.000000000E-02     2.500000000E-02
      336     1.250000000E-01     5.000000000E-03     2.500000000E-02
      337     1.625000000E-01     1.000000000E-02     2.500000000E-02
      338     1.500000000E-01     5.000000000E-03     2.500000000E-02
      339     1.875000000E-01     1.000000000E-02     2.500000000E-02
      340     1.750000000E-01     5.000000000E-03     2.500000000E-02
      341     2.125000000E-01     1.000000000E-02     2.500000000E-02
      342     2.000000000E-01     5.000000000E-03     2.500000000E-02
      343     2.375000000E-01     1.000000000E-02     2.500000000E-02
      344     2.250000000E-01     5.000000000E-03     2.500000000E-02
      345     2.500000000E-01     1.000000000E-02     1.250000000E-02
      346     2.500000000E-01     5.000000000E-03     2.500000000E-02
      347     2.500000000E-01     1.000000000E-02    -1.250000000E-02
      348     2.500000000E-01     5.000000000E-03     0.000000000E+00
      349     2.500000000E-01     5.000000000E-03    -2.500000000E-02
      350     2.500000000E-01     0.000000000E+00    -1.250000000E-02
      351     2.500000000E-01     0.000000000E+00     1.250000000E-02
      352     2.375000000E-01     0.000000000E+00    -2.500000000E-02
      353     2.375000000E-01     0.000000000E+00     2.500000000E-02
      354    -2.125000000E-01     0.000000000E+00     2.500000000E-02
      355    -2.375000000E-01     0.000000000E+00     2.500000000E-02
      356    -1.875000000E-01     0.000000000E+00     2.500000000E-02
      357    -1.625000000E-01     0.000000000E+00     2.500000000E-02
      358    -1.375000000E-01     0.000000000E+00     2.500000000E-02
      359    -1.125000000E-01     0.000000000E+00     2.500000000E-02
      360    -8.750000000E-02     0.000000000E+00     2.500000000E-02
      361    -6.250000000E-02     0.000000000E+00     2.500000000E-02
      362    -3.750000000E-02     0.000000000E+00     2.500000000E-02
      363    -1.250000000E-02     0.000000000E+00     2.500000000E-02
      364     1.250000000E-02     0.000000000E+00     2.500000000E-02
      365     3.750000000E-02     0.000000000E+00     2.500000000E-02
      366     6.250000000E-02     0.000000000E+00     2.500000000E-02
      367     8.750000000E-02     0.000000000E+00     2.500000000E-02
      368     1.125000000E-01     0.000000000E+00     2.500000000E-02
      369     1.375000000E-01     0.000000000E+00     2.500000000E-02
      370     1.625000000E-01     0.000000000E+00     2.500000000E-02
      371     1.875000000E-01     0.000000000E+00     2.500000000E-02
      372     2.125000000E-01     0.000000000E+00     2.500000000E-02
      373    -2.500000000E-01     0.000000000E+00     1.250000000E-02
      374    -2.500000000E-01     0.000000000E+00    -1.250000000E-02
      375    -2.375000000E-01     0.000000000E+00    -2.500000000E-02
      376     2.125000000E-01     0.000000000E+00    -2.500000000E-02
      377     1.875000000E-01     0.000000000E+00    -2.500000000E-02
      378     1.625000000E-01     0.000000000E+00    -2.500000000E-02
      379     1.375000000E-01     0.000000000E+00    -2.500000000E-02
      380     1.125000000E-01     0.000000000E+00    -2.500000000E-02
      381     8.750000000E-02     0.000000000E+00    -2.500000000E-02
      382     6.250000000E-02     0.000000000E+00    -2.500000000E-02
      383     3.750000000E-02     0.000000000E+00    -2.500000000E-02
      384     1.250000000E-02     0.000000000E+00    -2.500000000E-02
      385    -1.250000000E-02     0.000000000E+00    -2.500000000E-02
      386    -3.750000000E-02     0.000000000E+00    -2.500000000E-02
      387    -6.250000000E-02     0.000000000E+00    -2.500000000E-02
      388    -8.750000000E-02     0.000000000E+00    -2.500000000E-02
      389    -1.125000000E-01     0.000000000E+00    -2.500000000E-02
      390    -1.375000000E-01     0.000000000E+00    -2.500000000E-02
      391    -1.625000000E-01     0.000000000E+00    -2.500000000E-02
      392    -1.875000000E-01     0.000000000E+00    -2.500000000E-02
      393    -2.125000000E-01     0.000000000E+00    -2.500000000E-02
-1
/wb,elem,start            !  set before creation of elements
/com,*********** Elements for Body 1 "SYS\Solid" ***********
et,1,186
keyo,1,2,1          ! set full integration on SOLID186
eblock,19,solid,,40
(19i9)
        1        1        1        1        0        0        0        0       20        0        1       19       83       84      108       20       81       82       39
      201      350      352      203      207      347      263      205      200      348      349      264
        1        1        1        1        0        0        0        0       20        0        2       18       19      108      109       21       20       39       40
      196      203      376      199      204      205      262      209      197      200      264      266
        1        1        1        1        0        0        0        0       20        0        3       17       18      109      110       22       21       40       41
      192      199      377      195      208      209      265      212      193      197      266      268
        1        1        1        1        0        0        0        0       20        0        4       16       17      110      111       23       22       41       42
      188      195      378      191      211      212      267      215      189      193      268      270
        1        1        1        1        0        0        0        0       20        0        5       15       16      111      112       24       23       42       43
      184      191      379      187      214      215      269      218      185      189      270      272
        1        1        1        1        0        0        0        0       20        0        6       14       15      112      113       25       24       43       44
      180      187      380      183      217      218      271      221      181      185      272      274
        1        1        1        1        0        0        0        0       20        0        7       13       14      113      114       26       25       44       45
      176      183      381      179      220      221      273      224      177      181      274      276
        1        1        1        1        0        0        0        0       20        0        8       12       13      114      115       27       26       45       46
      172      179      382      175      223      224      275      227      173      177      276      278
        1        1        1        1        0        0        0        0       20        0        9       11       12      115      116       28       27       46       47
      168      175      383      171      226      227      277      230      169      173      278      280
        1        1        1        1        0        0        0        0       20        0       10       10       11      116      117       29       28       47       48
      164      171      384      167      229      230      279      233      165      169      280      282
        1        1        1        1        0        0        0        0       20        0       11        9       10      117      118       30       29       48       49
      160      167      385      163      232      233      281      236      161      165      282      284
        1        1        1        1        0        0        0        0       20        0       12        8        9      118      119       31       30       49       50
      156      163      386      159      235      236      283      239      157      161      284      286
        1        1        1        1        0        0        0        0       20        0       13        7        8      119      120       32       31       50       51
      152      159      387      155      238      239      285      242      153      157      286      288
        1        1        1        1        0        0        0        0       20        0       14        6        7      120      121       33       32       51       52
      148      155      388      151      241      242      287      245      149      153      288      290
        1        1        1        1        0        0        0        0       20        0       15        5        6      121      122       34       33       52       53
      144      151      389      147      244      245      289      248      145      149      290      292
        1        1        1        1        0        0        0        0       20        0       16        4        5      122      123       35       34       53       54
      140      147      390      143      247      248      291      251      141      145      292      294
        1        1        1        1        0        0        0        0       20        0       17        3        4      123      124       36       35       54       55
      136      143      391      139      250      251      293      254      137      141      294      296
        1        1        1        1        0        0        0        0       20        0       18        2        3      124      125       37       36       55       56
      132      139      392      135      253      254      295      257      133      137      296      298
        1        1        1        1        0        0        0        0       20        0       19        1        2      125      126       38       37       56       57
      127      135      393      131      256      257      297      259      128      133      298      300
        1        1        1        1        0        0        0        0       20        0       20        1      126      107      106       38       57       58       59
      131      375      374      130      259      299      301      260      128      300      302      304
        1        1        1        1        0        0        0        0       20        0       21       19      104       85       83       20       79       80       81
      202      353      351      201      206      343      345      207      200      344      346      348
        1        1        1        1        0        0        0        0       20        0       22       18      103      104       19       21       78       79       20
      198      372      202      196      210      341      206      204      197      342      344      200
        1        1        1        1        0        0        0        0       20        0       23       17      102      103       18       22       77       78       21
      194      371      198      192      213      339      210      208      193      340      342      197
        1        1        1        1        0        0        0        0       20        0       24       16      101      102       17       23       76       77       22
      190      370      194      188      216      337      213      211      189      338      340      193
        1        1        1        1        0        0        0        0       20        0       25       15      100      101       16       24       75       76       23
      186      369      190      184      219      335      216      214      185      336      338      189
        1        1        1        1        0        0        0        0       20        0       26       14       99      100       15       25       74       75       24
      182      368      186      180      222      333      219      217      181      334      336      185
        1        1        1        1        0        0        0        0       20        0       27       13       98       99       14       26       73       74       25
      178      367      182      176      225      331      222      220      177      332      334      181
        1        1        1        1        0        0        0        0       20        0       28       12       97       98       13       27       72       73       26
      174      366      178      172      228      329      225      223      173      330      332      177
        1        1        1        1        0        0        0        0       20        0       29       11       96       97       12       28       71       72       27
      170      365      174      168      231      327      228      226      169      328      330      173
        1        1        1        1        0        0        0        0       20        0       30       10       95       96       11       29       70       71       28
      166      364      170      164      234      325      231      229      165      326      328      169
        1        1        1        1        0        0        0        0       20        0       31        9       94       95       10       30       69       70       29
      162      363      166      160      237      323      234      232      161      324      326      165
        1        1        1        1        0        0        0        0       20        0       32        8       93       94        9       31       68       69       30
      158      362      162      156      240      321      237      235      157      322      324      161
        1        1        1        1        0        0        0        0       20        0       33        7       92       93        8       32       67       68       31
      154      361      158      152      243      319      240      238      153      320      322      157
        1        1        1        1        0        0        0        0       20        0       34        6       91       92        7       33       66       67       32
      150      360      154      148      246      317      243      241      149      318      320      153
        1        1        1        1        0        0        0        0       20        0       35        5       90       91        6       34       65       66       33
      146      359      150      144      249      315      246      244      145      316      318      149
        1        1        1        1        0        0        0        0       20        0       36        4       89       90        5       35       64       65       34
      142      358      146      140      252      313      249      247      141      314      316      145
        1        1        1        1        0        0        0        0       20        0       37        3       88       89        4       36       63       64       35
      138      357      142      136      255      311      252      250      137      312      314      141
        1        1        1        1        0        0        0        0       20        0       38        2       87       88        3       37       62       63       36
      134      356      138      132      258      309      255      253      133      310      312      137
        1        1        1        1        0        0        0        0       20        0       39        1       86       87        2       38       61       62       37
      129      354      134      127      261      307      258      256      128      308      310      133
        1        1        1        1        0        0        0        0       20        0       40        1      106      105       86       38       59       60       61
      130      373      355      129      260      303      305      261      128      304      306      308
-1
!Material Id = {88F1CF63-DF5B-4C92-BC37-3B53FBFE7B89}
/wb,elem,end               !  done creating elements
/com,*********** Send User Defined Coordinate System(s) ***********
csys,0
toffst,273.15,  ! Temperature offset from absolute zero
/com,*********** Set Reference Temperature ***********
tref,22.
/wb,mat,start              !  starting to send materials
/com,*********** Send Materials ***********
Temperature = 'TEMP' ! Temperature
MP,DENS,1,7850,	! kg m^-3
MP,ALPX,1,1.2e-05,	! C^-1
MP,C,1,434,	! J kg^-1 C^-1
MP,KXX,1,60.5,	! W m^-1 C^-1
MP,RSVX,1,1.7e-07,	! kg m^3 A^-2 s^-3
MP,EX,1,200000000000,	! Pa
MP,NUXY,1,0.3,
MP,MURX,1,10000,
MP,UVID,1,66aa04e3-5ca7-48f0-aa73-c2806f6f3d56
MP,UMID,1,59002a79-71c2-428e-906b-55d7dbee100e

/wb,mat,end                !  done sending materials
!************************* Model Summary ********************
!SYS\Solid,	Structural Steel,	matid,	1
!************************* End Model Summary ********************
! get the diagonal of the bounding box. Needed later for other things
*get,_xmin,node,,mnloc,x
*get,_ymin,node,,mnloc,y
*get,_zmin,node,,mnloc,z
*get,_xmax,node,,mxloc,x
*get,_ymax,node,,mxloc,y
*get,_zmax,node,,mxloc,z
_ASMDIAG=(_xmax-_xmin)*(_xmax-_xmin)+(_ymax-_ymin)*(_ymax-_ymin)+(_zmax-_zmin)*(_zmax-_zmin)
_ASMDIAG=SQRT(_ASMDIAG)
/wb,contact,start          !  starting to send contact
/wb,contact,end            !  done creating contacts
/golist
/wb,load,start             !  starting to send loads
/com,*********** Fixed Supports ***********
CMBLOCK,_FIXEDSU,NODE,       13
(8i10)
        58        59        60       105       106       107       301       302
       303       304       306       373       374
cmsel,s,_FIXEDSU
d,all,all
nsel,all
/gst,on,on
fini
*get,_numnode,node,0,count
*get,_numelem,elem,0,count
*get, _MAXELEMNUM, elem, 0, NUM, MAX
*get, _MAXNODENUM, node, 0, NUM, MAX
*get, _MAXELEMTYPE, etyp, 0, NUM, MAX
*get, _MAXREALCONST, rcon, 0, NUM, MAX
/go
/wb,load,end               !  done creating loads
/com,--- Number of total nodes = %_numnode%
/com,--- Number of contact elements = 0
/com,--- Number of spring elements = 0
/com,--- Number of bearing elements = 0
/com,--- Number of solid elements = 40
/com,--- Number of condensed parts = 0
/com,--- Number of total elements = %_numelem%
*get,_wallbsol,active,,time,wall
/solu
antype,2                   ! modal analysis
_thickRatio=  0     ! Ratio of thick parts in the model
modopt,lanb,6
outres,erase
outres,all,none
outres,nsol,all
mxpand                    ! default expand in case of complex solution
dmpopt,esav,no
dmpopt,emat,no
dmpopt,full,no
! *********** WB SOLVE COMMAND ***********
! check interactive state
*get,ANSINTER_,active,,int
*if,ANSINTER_,ne,0,then
/eof
*endif
solve
/com *************** Write FE CONNECTORS ********* 
CEWRITE,file,ce,,INTE
*get,_nmodalsolproc,active,0,numcpu
fini
/nopr
*get,_numnode,node,0,count
*get,_numelem,elem,0,count
*get, _MAXELEMNUM, elem, 0, NUM, MAX
*get, _MAXNODENUM, node, 0, NUM, MAX,,,INTERNAL
*get, _MAXELEMTYPE, etyp, 0, NUM, MAX
*get, _MAXREALCONST, rcon, 0, NUM, MAX
*get,_NSOLTHREADS,active,0,ntfs
*get,_NSOLPROCESSES,active,0,npfs
/gopr
*get,_wallasol,active,,time,wall
/post1
/nopr
*dim,_direction,CHAR,6,1
_direction(1) = 'X'
_direction(2) = 'Y'
_direction(3) = 'Z'
_direction(4) = 'ROTX'
_direction(5) = 'ROTY'
_direction(6) = 'ROTZ'
*get,_lastLS,active,0,set,LSTP
*get,_beginset,active,0,set,nset,first,_lastLS
*get,_endset,active,0,set,nset,last,_lastLS
_nummodes = 0
*if,_endset,gt,0,then
_nummodes = _endset - _beginset + 1
*endif
*do,i_mode,1,_nummodes
   *do,j_component,1,6
			*get,PFACT_%i_mode%_%j_component%,MODE,%i_mode%,PFACT,,DIREC,_direction(%j_component%)
   *enddo
*enddo
*dim,_tmdirection,CHAR,6,1
_tmdirection(1) = 'X'
_tmdirection(2) = 'Y'
_tmdirection(3) = 'Z'
_tmdirection(4) = 'X'
_tmdirection(5) = 'Y'
_tmdirection(6) = 'Z'
*do,j_component,1,6
    *if,j_component,gt,3,then
        *get,TOTALMASS_%j_component%,ELEM,0,IOR,_tmdirection(%j_component%)
    *else
        *get,TOTALMASS_%j_component%,ELEM,0,MTOT,_tmdirection(%j_component%)
    *endif
*enddo
/gopr
xmlo,ENCODING,ISO-8859-1
xmlo,parm
/xml,parm,xml
fini
/gopr
*get,_walldone,active,,time,wall
_preptime=(_wallbsol-_wallstrt)*3600
_solvtime=(_wallasol-_wallbsol)*3600
_posttime=(_walldone-_wallasol)*3600
_totaltim=(_walldone-_wallstrt)*3600
*get,_dlbratio,active,0,solu,dlbr
*get,_combtime,active,0,solu,comb
*get,_ssmode,active,0,solu,ssmm
*get,_ndofs,active,0,solu,ndof
/fclean				!clean distributed files
/com,--- Total number of nodes = %_numnode%
/com,--- Total number of elements = %_numelem%
/com,--- Element load balance ratio = %_dlbratio%
/com,--- Time to combine distributed files = %_combtime%
/com,--- Sparse memory mode = %_ssmode%
/com,--- Number of DOF = %_ndofs%
/wb,file,end               ! done with WB generated input
